
INO -0.372 10.63 12.140 13.800	10.280
AQST -0.333 5.030 4.970	5.460 4.720
UONEK -0.230 1.25 1.29 1.54 1.14
AIHS -0.177 0.630 0.700	0.797 0.62
OGEN -0.164 0.549 0.556	0.60 0.53
SMMCU -0.79 11.05 11 11.05 11
BTNC -0.407 2.9 3.03 3.2 2.75
SYN -0.384 0.261 0.317	0.33 0.261
MESO -0.36 11.91 12.03 13.74 11.09 
HCCHW -0.26 2.05 2.29 2.37 1.975
CCX-WS -0.188 1.76 1.43 1.76 1.35
SMMCU -0.182 10.76 10.76 10.76 10.76
RMG-WS -0.14 2.62 1.95 2.65 1.78
IGIC -0.116 7.75 7.68 8.20 7.68
MLSS -0.114 1.58 1.64 1.68 1.51
ELSE -0.296 5.96 5.18 6.17 4.92
RCMT -0.214 1.46 1.48 1.52 1.35
DFHTW -0.207 1.5 1.55 1.55 1.5
APWC -0.19 2.08 1.79 2.26 1.62
CLSK -0.179 10.18 10.75 11.89 10.15
SHIPZ -0.279 0.031 0.03 0.042 0.029
INTZ -0.255 8.4 9.31 11.35 8.25
PIXY -0.254 2.69 2.79 2.8 2.68
OEG -0.176 0.88 0.9 0.928 0.84
ARTL -0.165 0.775 0.862 0.89 0.76
LOOP -0.333 7.75 7.83 8.69 7.11
GOSS -0.313 9.44 10.09 10.74	8.22
WAFU -0.297 4.8 4.72 4.84 4.56
MDLY -0.198 0.89 0.83 0.99 0.81
HX -0.196 2.09 2.08 2.35 1.91
CYCN -0.414 4.091 3.35 4.22 3.16
SRTS -0.131 2.82 2.73 2.82 2.684
ENZ -0.13 2.24 2.16 2.28 2.1
AMC -0.13 3.09 2.96 3.2 2.66
SRNE -0.121 10.51 10.1 10.84 10.02
PAVMW -0.342 1.25 0.7 1.25 0.46
BCDAW -0.304 0.9 1.35 1.35 0.9
EVKEVK -0.295 4.58 3.7 4.635 3.65
KXIN -0.253 6.56 4.9 6.58 4.82
SCPH -0.402 5.06 5.63 6.54 5.06
GLBS -0.267 7.69 7.4 7.72 7.2
LYRA -0.265 9.49 9.32 10.05	8.76
APTO -0.168 4.514 5.09 5.14 3.934
ASYS -0.063 7.01 6.68 7.01 6.53
NBRV -0.282 2.44 2.44 2.57 2.31
SLRX -0.267 1.008 0.92 1.02 0.886
AYTU -0.257 6.04 6.28 6.44 6
SLS -0.24 13.310 8.370 14.400 7.87
IPDN -0.235 1.590 1.500	1.629 1.46
CCM -0.39 3.230 3.300 3.500 2.91
VTVT -0.337 1.950 2.300 2.450 1.92
BLRX -0.227 2.796 2.860 3.070 2.4
NAOV -0.22 0.8 0.83 0.890 0.78
SCX -0.19 4.3 4.16 4.300 4.16
MESO -0.396 8.2 9.27 9.790 8
VIRI -0.177 13.760 10.4 14.390 10.4
WNW -0.167 101.280 77.98 107.000 72.26
APDN -0.162 5.150 5.16 5.38 5.1
RKDA -0.15 2.410 2.53 2.58 2.340
QURE -0.2002 36.74 38.51 40.35 36.07
SCPS -0.1643 18.45 16.20 19.26 15.38
AIG-WS -0.148 0.32 0.27 0.32 0.23
FGF -0.1432 4.23 3.66 4.23 3.57
SQFT -0.1321 4.09 5.49 6.5 4.06
HEXO -0.74 1.04 1.02 1.04 1.01
SNGX -0.5365 1.28 1.39 1.39 1.21
SOS -0.3568 1.37 1.3 1.43 1.25
VERO -0.2756 1.85 1.89 1.99 1.84
AMED -0.159 287.44 288.91 290.8 285.34
OCGN -0.1533 2.04 2.60 3.05 1.84
JAGX -0.9285 0.7627 1.07 1.29 0.633
PHAR -0.5868 19.19 16.70 21.99 16.2
ONTX -0.4195 0.6102 0.5050 0.7190 0.452
ACST -0.3556 0.3250 0.4300 0.5652 0.311
CLRB -0.3394 1.81 2.05 2.19 1.80
FLXS -0.2570 35.20 33.60 35.22 33.6
VYGR -0.1229 7.93 8.44 8.57 7.85
AAP -0.1107 158.68 159.29 160.46 158.41
CNSP -0.1095 1.85 1.82 1.895 1.82
STAF -0.2913 0.62 0.6304 0.649 0.61
JAGX -0.2617 0.80 0.715 0.8494 0.65
IMH -0.1985 2.86 2.85 2.94 2.84
ACST -0.1753 0.358 0.3302 0.38 0.301
OGEN -0.1710 0.45 0.43 0.45 0.4242
APRE -0.7469 6.35 5.50 6.77 5.35
AIRT -0.3095 26.77 20.29 32.45 19.3
ADXN -0.2642 17.98 1402 17.98 14
CVAC -0.1055 91.12 87.88 93.6 87.5
DNK -0.0997 3 3.10 3.30 2.98O
SMT -0.2439 4 4.23 4.47 4
RHE -0.2087 3.12 3.26 3.56 2.87
BOSC -0.1986 2.35 2.26 2.35 2.25
BRPA -0.1912 26.6 27.14 28.8 24.9
JRJC -0.1893 8.95 8.68 9.38 8.25
HTSO -0.2457 0.7975 0.7580 0.805 0.749
NHLD -0.1667 3.04 3.03 3.34 3.02
IPDN -0.1460 2.33 2.59 2.6 2.07
CSCW -0.1429 0.74 0.704 0.78 0.66
CTRM -0.1409 0.2 0.185 0.2178 0.1833
BNGO -0.2653 5.3 4.95 5.84 4.28
TRXC -0.1898 0.9749 0.98 1.29 0.84
HOTH -0.1474 2.16 2.3 2.51 2.06
BTBT -0.1438 24.97 28 30.9 23.73
MLND -0.1408 1.81 1.69 1.82 1.66
IMRA -0.284 17 14.72 17 14.28
CPS -0.2672 36.23 37.1 38.36 35.96
SYN -0.2468 0.72 0.84 0.97 0.708
MYSZ -0.2189 1.31 1.34 1.37 1.28
ATOS -0.2125 0.898 0.92 0.95 0.875
SOS -0.784 3.06 3.07 4.1 2.8
OGEN -0.774 1.09 0.8400 1.15 0.76
NCTY -0.452 21.70 17.10 27.82 16.1
FTFT -0.375 2.31 5.75 5.92 2.17
CBAT -0.367 8.77 7.72 8.8 7.31
UONE -0.230 6.83 6.95 7.43 6
ADXN -0.2 10.83 10.51 10.83 10.36
UONEK -0.1977 1.429 1.44 1.49 1.36
DUOT -0.1742 4.74 4.37 4.813 4.3
DGLY -0.1680 3.026 2.76 3.026 2.62
SRPT -0.4971 85 82.29 88.48 82.25
SOS -0.3844 1.9 1.89 2.138 1.635
KMPH -0.2861 5.9 5.6 6 5.06
CTRM -0.2688 0.1745 0.1950 0.1950 0.1745
NLTX -0.2091 12.5 14.05 14.34 12.35
EZGO -0.2656 13.36 9.10 14.12 8
BIOL -0.1867 1.208 1.24 1.44 1.13
AIKI -0.1732 1.47 1.41 1.65 1.365
NDRA -0.1684 2.4 2.2 2.75 2.02
TTOO -0.1637 2.35 2.24 2.55 2.03
AMC -0.4 11.98 8.63 16.5 6.51
FOSL -0.2967 17.19 14.66 19.52 13.55
EXPR -0.2723 7.11 4.7 9.05 3.4
GME -0.2427 265 193.6 483 112.25
BB -0.2402 19.47 14.65 22.50 13.40
TGC -0.393 2.4 2.42 3.4 2.3
BRN -0.3733 3.5 3.32 3.95 3.12
PED -0.3432 1.88 2.11 2.23 1.74
GBR -0.3208 16.92 11.11 17 11
CEI -0.2823 1.46 1.39 1.69 1.33
VXRT -0.5366 10.84 9.85 12.74 8.8
MBRX -0.2254 4.98 4.68 4.99 4.6
NTN -0.1568 4.94 5.21 5.34 4.67
OCGN -0.1319 2.83 2.81 3.03 2.57
VYGR -0.13 7 7.49 7.54 6.75
TYME -0.2748 2.56 2.26 2.57 2.23
XOG -0.2143 28 28 28.37 26.60
ISR -0.2011 1.51 1.55 1.61 1.5
HYRE -0.1882 12.54 14.3 14.9 12.12
ITRM -0.1678 1.24 1.25 1.3 1.22
ERYP -0.1836 9.8 9.55 9.9 9.46
TRCH -0.15 1.35 1.53 1.655 1.33
AIHS -0.1469 1.53 1.57 1.63 1.41
CRNT -0.1362 4.83 5.07 5.24 4.55
WHLR -0.1245 4.11 4.6 4.761 3.93
IFMK -0.3333 2.25 2.47 2.64 1.92
SMTI -0.3293 27 30 34.12 27
CLGN -0.2804 17.44 16.45 17.80 16.01
LLNW -0.2566 3.4 3.955 3.96 3.25
FOLD -0.2365 14.1 12.57  14.35 12.24
SXTC -0.2270 0.795 0.785 0.87 0.71
SIVB -0.2044 525.18 540.4 540.91 525.18
RXT -0.1166 22.05 20.93 22.68 20.77
CNDT -0.1055 5.40 5.08 5.4 4.76
TKAT -0.0976 3.65 3.5 3.88 3.37
FGEN -0.2478 38 38.07 39.42 33.84
STIM -0.1820 13.16 15.03 15.49 12.21
INSG -0.1750 12.32 10.58 12.86 10.19
RDHL -0.1550 7.77 7.8 8.16 7.71
LODE -0.1515 4.4 4.88 4.99 4.38
SDGR -0.2832 72.04 72.59 80.64 69.03
COHN -0.2376 31.52 32 32.85 26.65
PRPLO -0.2296 27.9 24.37 29.34 23.72
YEXT -0.2115 13.01 14.57 15.82 13.00
VRM -0.2089 34.59 31.61 35.49 29.7
IDRA -0.6161 2 1.98 2.07 1.81
BSQR -0.21 4.206 4.855 4.96 4.02
NUZE -0.1275 4.5 4.01 4.63 3.9
WKEY -0.1221 11.5 10.81 13.40 10.37 
XYF -0.1036 4.26 4.44 4.7 4.25
BNTC -0.2689 6.8 5.42 7.22 5.13
EYES -0.2480 8.34 8.82 9.63 8.28
TKAT -0.1385 45.36 36.76 49 35.2
GME -0.1310 157.98 120.34 166.97 118.62
MN -0.1113 6.89 6.52 7 6.49
WKEY -0.3046 14.22 14.26 16.45 13.6
DLPN -0.2291 14.66 17.82 18.89 13.83
EVFM -0.2275 1.8 1.71 1.87 1.695
RAD -0.1699 19.49 18.57 19.88 17.61
LIVE -0.1645 26.29 26.53 27.79 25.40
VUSI -0.1535 22.28 22.84 23.88 20.4
APOP -0.1384 4.14 4.02 4.16 3.71
SAIC -0.1370 83.13 80 84 77.65
GAN -0.1216 20.4 19.98 21.99 18.12
TME -0.1002 18.35 20.10 21.12 16.31
AZRX -0.2799 0.95 1.02 0.9323 1.03
CYBE -0.1683 26.25 26.69 26.76 26.23
EBON -0.1421 6.81 7.03 7.3 6.7
XSPA -0.1359 1.56 1.67 1.68 1.56
CTIC -0.1271 2.54 2.54 2.58 2.48
CTRM -0.2282 0.5697 0.5832 0.6029 0.5595
ACAD -0.1692 21.25 21.18 22.07 20.92
UXIN -0.1269 1.73 1.5 1.915 1.46
MTEM -0.1238 10.89 9.51 10.9 9.12
GME -0.1055 171 186.95 195 164.81
TSIB -0.6223 3.72 10.13 10.21 3.72
PRBV -0.3436 6.4 8 8.44 6.36
NVOS -0.2133 2.92 2.74 2.92 2.7
VRPX -0.2033 4.809 4.86 5.15 4.79
MDRR -0.1657 1.45 1.425 1.52 1.42
JOB -0.3422 0.559 0.577 0.5585 0.5515
TBLT -0.1018 0.7519 0.7539 0.7759 0.7215
AMPG -0.965 7.59 6.59 7.77 6.33
QS -0.942 26.98 35.85 39.37 34.22
PBHC -0.897 14.5 14.9 15.26 14.9 
INO -0.2771 6.6 6.85 7.04 6.49
EDAP -0.1562 7.2 7.36 7.63 7.05
QDEL -0.1328 105.93 116.01 116.15 105.93
CRTX -0.1084 38.52 38.26 39.13 37.23
BTX -0.0865 11.48 16.16 18.87 11.35
RVPH -0.2080 6.9 7.3 7.49 6.72
RNWK -0.1965 2.75 2.56 2.751 2.5
CYCN -0.1795 2.548 2.56 2.75 2.47
NSPR -0.1619 6.01 6.92 7.32 5.91
PTIX -0.1509 3.088 2.24 3.088 2.2
ESPR -0.2833 18.39 20.01 20.44 18.01
COCP -0.2710 1.57 1.47 1.61 1.42
INTZ -0.2708 10.16 10.25 10.95 9.72
MRCY -0.2423 52.74 57.69 59.49 52.4
LEDS -0.2256 4.52 5.5 6.17 4.49
BRPA -0.1602 29.56 27.52 42 26.30
TAL -0.1116 42.29 42.93 46.17 42.25
AUTO -0.975 2.79 2.77 2.82 2.7
ONTX -0.950 9.8 9.23 10.84 9.06
MN -0.845 7.92 7.91 8.41 7.84 
LRMR -0.4167 7.9 8.99 9.38 7 
LDTZ -0.1977 4.21 4.51 4.62 4.06
LPCN -0.1971 1.12 1.21 1.09 1.24
GOTU -0.1594 16.89 18.34 19.23 16.13
TVTX -0.1549 14.76 15.39 15.64 14.48
SAVA -0.2766 51.24 58.34 65.09 49.29 
VNTR -0.1999 3.19 3.34 3.42 3.15
APLT -0.1789 14.5 15.46 15.64 13.67
OLLI -0.1551 65.61 72.54 73.94 65.32
AADI -0.14 30 26 30 23.28
RJF -0.3248 86.55 86.92 87.75 86.51
SMMT -0.2068 5.15 5.18 5.48 4.71
INNV -0.2017 9.45 8.75 9.69 8.5
RWLK -0.1660 2.16 1.79 2.25 1.78
GBNH -0.1607 8.08 7.4 8.08 7.34
IHT -0.1504 4.17 4.45 4.98 4.07
MRM -0.15 11.11 11.35 12.49 10.1
ONTX -0.1487 4.32 4.04 4.399 3.94
FEDU -0.1398 0.7367 0.8 0.81 0.72
AIHS -0.1283 0.7201 0.68 0.78 0.6533
UPH -0.3333 1.74 1.67 1.79 1.63
CMTL -0.1478 21.6 22.63 24.57 21.6
AGIO -0.1238 45.48 43.93 45.56 43.58
VERX -0.1187 18.52 18.65 18.87 18.07
MXC -0.1161 15.10 12.21 16.90 11.31
CEI -0.1765 1.26 0.9085 1.33 0.8725
MANU -0.1264 17.22 16.94 17.36 16.57
DVD -0.116 2.53 2.51 2.55 2.5
REDU -0.1103 0.6661 0.709 0.723 0.65
PALT -0.1037 7.41 6.93 8.15 6.8
OSMT -0.3889 1.87 1.91 1.99 1.83
PRLD -0.1835 24.6 17.43 24.6 17.15
TPTX -0.1124 53.33 46.55 54.51 42.51
VNDA -0.1091 18.05 18.03 18.37 17.91
LW -0.1043 55.2 58.2 61.02 54.5
VEV -0.2056 3.99 4.25 4.26 3.9
TCBI -0.1439 55.6 59.86 61.55 55.12
PHCF -0.1165 2.21 1.94 3.29 1.88
EFX -0.0887 245.55 255.47 262.95 240.11
ADMA -0.0811 1.01 1.21 1.27 1.01
DOCU -0.3387 154.8 135.09 155.4 131.51
CELZ -0.3333 3.2 2.21 3.2 2.03
ESPR -0.3222 6.09 5.25 6.10 4.96
ASAN -0.2221 70.69 66.98 72.49 63.85
SWBI -0.1990 18.35 16.33 18.67 16.00
MOBQ -0.4915 3.1 3.2 3.25 2.83
RETA -0.4249 31.05 29.11 37.1 28.21
TGLS -0.3858 20.9 21.56 23 18.1
CCNC -0.3176 1.17 1.2 1.23 1.11
XAIR -0.2309 8.16 8.44 8.68 7.77
EVBG -0.4103 68.44 63 68.75 57.58
ANGN -0.2264 2.71 2.61 2.754 2.44
AGMH -0.1926 6.96 5.36 6.99 5.31
AOUT -0.1656 17.6 18.21 18.97 17.50
MRNA -0.1365 235 257.06 261.97 233.51
INNV -0.3479 5.4 5.31 5.98 3.46
SCPL -0.1784 12.7 13.49 13.66 12.25
BVXV -0.1610 2.45 2.78 2.95 2.43
QDEL -0.1551 140.3 137.39 144.4 135.15
ZME -0.1498 8.11 6.05 8.11 5.39
APLT -0.2737 6.5 6.22 6.75 5.99
AGE -0.1606 0.9357 0.95 1.05 0.87
CNHI -0.1276 16.98 16.74 17.13 16.42
NRTB -0.127 8.77 9.43 10.1 8.16
SPRC -0.1091 5.79 6.73 7.08 5.96
SNAX -0.1283 3.92 3.95 4.144 3.55 
USIO -0.1126 4.31 4.36 4.6 4.31
CTK -0.1 0.63 0.6143 0.7094 0.59
KPRX -0.1 1.51 1.51 1.79 1.42
CNX -0.0905 14.04 13.75 14.09 13.74
SYTA -0.4427 1.8 1.87 1.95 1.78
ODT -0.3511 0.85 1.09 1.18 0.85
CHNR -0.181 0.695 1.06 1.06 0.6950
DBGI -0.1535 2.233 2.31 2.356 2.15
DOGZ -0.1261 2.91 3.44 4.52 2.5
DNLI -0.1943 30.89 33.86 35.51 30.25 
HCI -0.1716 70.88 73.52 78.03 70.88
PME -0.1254 0.5842 0.61 0.63 0.5512
SPCE -0.1172 10.92 10.03 10.99 10.02
ECOR -0.1131 0.7716 0.7650 0.79 0.72
ELMS -0.3453 3.7 2.71 4.03 2.63
LOGC -0.34 1.008 0.6675 1.008 0.635 
DT -0.2608 41.6 46.16 26.5 41.01
PYPL -0.2044 139.89 132.57 139.9 129.01 
LFVN -0.2034 5.27 5.33 5.62 5.25 0 0 0 0 1 1 
APRN -0.3104 1.17 1.18 1.29 1.13 0 0 0 0 0 1 8130000
AIRS -0.2939 3.23 3.28 3.67 3.23 0 0 0 0 0 1 164660
RDHL -0.2630 0.47 0.5359 0.5579 0.45 0 0 0 0 0 0 2910000
RLYB -0.2507 5.01 5.59 5.75 4.86 0 0 0 0 1 1 80080
TTCF -0.2250 3.4 3.75 3.827 3.22 0 0 0 0 0 1 765660 
