
INO	-0.372	10.630	12.140	13.800	10.280
AQST	-0.333	5.030	4.970	5.460	4.720
UONEK	-0.230	1.250	1.290	1.540	1.140
AIHS	-0.177	0.630	0.700	0.797	0.620
OGEN	-0.164	0.549	0.556	0.600	0.530
SMMCU	-0.790	11.050	11.000	11.050	11.000
BTNC	-0.407	2.900	3.030	3.200	2.750
SYN	-0.384	0.261	0.317	0.330	0.261
MESO	-0.360	11.910	12.030	13.740	11.090
HCCHW	-0.260	2.050	2.290	2.370	1.975
CCX-WS	-0.188	1.760	1.430	1.760	1.350
SMMCU	-0.182	10.760	10.760	10.760	10.760
RMG-WS	-0.140	2.620	1.950	2.650	1.780
IGIC	-0.116	7.750	7.680	8.200	7.680
MLSS	-0.114	1.580	1.640	1.680	1.510
ELSE	-0.296	5.960	5.180	6.170	4.920
RCMT	-0.214	1.460	1.480	1.520	1.350
DFHTW	-0.207	1.500	1.550	1.550	1.500
APWC	-0.190	2.080	1.790	2.260	1.620
CLSK	-0.179	10.180	10.750	11.890	10.150
SHIPZ	-0.279	0.031	0.030	0.042	0.029
INTZ	-0.255	8.400	9.310	11.350	8.250
PIXY	-0.254	2.690	2.790	2.800	2.680
OEG	-0.176	0.880	0.900	0.928	0.840
ARTL	-0.165	0.775	0.862	0.890	0.760
LOOP	-0.333	7.750	7.830	8.690	7.110
GOSS	-0.313	9.440	10.090	10.740	8.220
WAFU	-0.297	4.800	4.720	4.840	4.560
MDLY	-0.198	0.890	0.830	0.990	0.810
HX	-0.196	2.090	2.080	2.350	1.910
CYCN	-0.414	4.091	3.350	4.220	3.160
SRTS	-0.131	2.820	2.730	2.820	2.684
ENZ	-0.130	2.240	2.160	2.280	2.100
AMC	-0.130	3.090	2.960	3.200	2.660
SRNE	-0.121	10.510	10.100	10.840	10.020
PAVMW	-0.342	1.250	0.700	1.250	0.460
BCDAW	-0.304	0.900	1.350	1.350	0.900
EVKEVK	-0.295	4.580	3.700	4.635	3.650
KXIN	-0.253	6.560	4.900	6.580	4.820
SCPH	-0.402	5.060	5.630	6.540	5.060
GLBS	-0.267	7.690	7.400	7.720	7.200
LYRA	-0.265	9.490	9.320	10.050	8.760
APTO	-0.168	4.514	5.090	5.140	3.934
ASYS	-0.063	7.010	6.680	7.010	6.530
NBRV	-0.282	2.440	2.440	2.570	2.310
SLRX	-0.267	1.008	0.920	1.020	0.886
AYTU	-0.257	6.040	6.280	6.440	6.000
SLS	-0.240	13.310	8.370	14.400	7.870
IPDN	-0.235	1.590	1.500	1.629	1.460
					
CCM	-0.390	3.230	3.300	3.500	2.910
VTVT	-0.337	1.950	2.300	2.450	1.920
BLRX	-0.227	2.796	2.860	3.070	2.400
NAOV	-0.220	0.800	0.830	0.890	0.780
SCX	-0.190	4.300	4.160	4.300	4.160
MESO	-0.396	8.200	9.270	9.790	8.000
VIRI	-0.177	13.760	10.400	14.390	10.400
WNW	-0.167	101.280	77.980	107.000	72.260
APDN	-0.162	5.150	5.160	5.380	5.100
RKDA	-0.150	2.410	2.530	2.580	2.340
QURE -0.2002 36.74 38.51 40.35 36.07
SCPS -0.1643 18.45 16.20 19.26 15.38
AIG-WS -0.1480 0.32 0.27 0.32 0.23
FGF -0.1432 4.23 3.66 4.23 3.57
SQFT -0.1321 4.09 5.49 6.50 4.06
HEXO -0.7400 1.04 1,02 1.04 1.01
SNGX -0.5365 1.28 1.39 1.39 1.21
SOS -0.3568 1.37 1.30 1.43 1.25
VERO -0.2756 1.85 1.89 1.99 1.84
AMED -0.1590 287.44 288.91 290.80 285.34
OCGN -0.1.533 2.04 2.60 3.05 1.84
JAGX -0.0.9285 0.7627 1.07 1.29 0.633
PHAR -0.0.5868 19.19 16.70 21.99 16.20
ONTX -0.0.4195 0.6102 0.5050 0.7190 0.4520
ACST -0.0.3556 0.3250 0.4300 0.5652 0.3110
CLRB -0.3394 1.81 2.05 2.19 1.80
FLXS -0.2570 35.20 33.60 35.22 33.60
VYGR -0.1229 7.93 8.44 8.57 7.85
AAP -0.1107 158.68 159.29 160.46 158.41
CNSP -0.1095 1.85 1.82 1.895 1.82
STAF -0.2913 0.62 0.6304 0.649 0.6100
JAGX -0.2617 0.80 0.715 0.8494 0.6500
IMH -0.1985 2.86 2.85 2.94 2.84
ACST -0.1753 0.358 0.3302 0.38 0.301
OGEN -0.1710 0.4500 0.4300 0.4500 0.4242
