
BFRA 0.3374 9.9000 8.7800 10.7500 8.2500
AVGR 0.3263 0.5550 0.3651 0.5800 0.3630
TAOP 0.2714 3.5600 3.0300 3.8000 2.5700
USWS 0.2102 0.3000 0.2490 0.3000 0.2430
LAUR 0.1693 14.2300 13.2900 15.4600 13.1400
ENSV 0.7527 0.2240 0.1790 0.2800 0.1733
AVCTW 0.4074 0.3000 0.3181 0.3700 0.3000
NAK 0.2760 1.2100 1.1400 1.2200 1.0800
SRNE 0.2584 10.5200 9.4800 10.6000 9.0500
MLHR 0.1810 30.5600 34.5500 35.1900 30.0100
ZOM 0.5571 0.1080 0.1000 0.1140 0.0950
AMPE 0.3278 1.2500 1.0800 1.3900 1.0300
ONTX 0.2430 0.3985 0.3630 0.4390 0.3520
NTN 0.1910 2.0760 2.4000 2.7900 1.8300
VRME 0.1720 3.6100 3.6200 4.0500 3.2270
SPI 2.3890 3.5400 14.0000 46.6700 3.3000
POAI 0.2534 1.0600 0.9866 1.1500 0.9157
ACET 0.2285 12.5100 11.2700 14.9300 11.1000
TRXC 0.2240 0.4050 0.3623 0.4280 0.3522
MNOV 0.2058 6.6600 5.9900 6.7600 5.7100
PLL 2.3636 36.9800 37.0000 54.5000 26.8000
AMBO 1.7459 2.3100 4.0900 6.4300 2.3100
PRCP 0.6699 6.8400 6.8200 6.8500 6.7900
OXBR 0.4579 1.5500 2.9500 9.6200 1.5500
ENSV 0.3770 0.1743 0.1556 0.1888 0.1451
ITRM 1.5513 1.6400 1.0500 2.4400 1.0200
CTIC 1.2000 2.3100 2.1500 2.6700 1.9000
GRSV 1.1990 20.9900 10.1000 21.7400 10.00
CTEK 0.7838 1.9600 1.5700 2.5000 1.3400
MCACR 0.6667 0.7000 0.6500 0.8000 0.6500
XTNT 1.8039 2.2500 1.5700 2.5000 1.3400
LONE 1.2446 0.5401 0.3134 0.5935 0.3100
ARA 0.6402 11.3500 11.5200 11.8300 11.3100
NNOX 0.3000 31.2200 37.4400 38.5000 29.3700
NSPR-WS	0.2184 0.0120 0.0288 0.0289	0.0120
GRNQ 1.2661 2.4700 1.8600 2.7400 1.7500
MYOK 0.5800 220.6800 220.3400 224.0000 219.7200
CRVS 0.4005 5.7100 4.8600 5.7400 4.7800
LOAK-WS	0.4000 1.9400 1.6200 1.9500 1.4100
HGEN 0.3391 13.1900 12.1400 13.3200 11.5100
RAVE 2.8521 1.9810 1.1700 2.0200 0.9200
AREC 0.8971 3.0900 2.6000 4.9300 2.4700
PECK 0.8760 13.0400 10.5000 14.4200 10.2200
SUNW 0.6321 4.5900 4.0600 4.8500 3.7300
TLC 0.4727 6.4800 5.9400 7.1000 5.5100
SNMP 2.2973 1.2500 0.7250 1.6000 0.7250
USWS 0.8046 0.5785 0.4367 0.6398 0.3810
SDPI 0.7706 0.7300 0.6000 0.9200 0.5320
VVPR 0.5738 15.8400 16.2800 24.3300 14.1000
USWSW 0.5500 0.0300 0.0300 0.0420 0.0230
PED 0.8860 2.5000 1.8000 2.5500 1.6400
JILL 0.6791 1.1000 0.8899 1.1500 0.8000
MDGS 0.5979 3.0000 2.8900 3.9900 2.8200
MDGSW 0.5789 0.2600 0.3300 0.4700 0.2000
AMCIW 0.5664 1.0800 0.8000 1.1200 0.7700
MDRR 0.7167 2.0200 2.8500 6.1300 1.9900
NOVN 0.6152 0.7430 0.5710 0.7500 0.5580
IXDG 0.3725 4.0900 3.9600 5.7200 3.7600
OCX  0.3562 1.9600 1.7500 2.1400 1.6500
MDRX 0.3369 11.0900 10.9000 11.3800 10.5700
ABCL 1.945 61.00 58.90 71.91 48.98
TPGY-WS 1.7013 6.25 6.24 7.00 5.22
TPGY 1.1622 27.29 24.00 27.66 21.77
TPGY-U 1.0777 27.73 23.27 28.11 22.65
HJLIW 0.8103 0.0715 0.1756 0.2100 0.0715
AEMD 0.8025 2.910 2.260 3.070 2.140
PTC 0.604 115.42 115.07 116.79 114.19
NXTD 0.4264 0.7100 0.9240 1.070 0.6000
NPAWW 0.3618 2.020 2.385 2.450 1.930
ZKIN 0.1916 10.49 11.2 14.6 10.05
MASS 1.45 45.51 49.0 52.83 43.25
CURO 0.8874 11.15 16.59 20.81 10.77
KERNW 0.9495 0.60 0.74 0.76 0.58
FSRVW 0.7714 2.52 3.10 3.11 2.36
MREO 0.6290 2.98 3.60 4.250 2.730
EYEG 1.159 7.69 5.21 8.18 5.03
APOPW 0.642 0.2699 0.2208 0.2700 0.2145
CURIW 0.5541 2.25 2.08 2.35 1.66
CRCC 0.4121 6.80 6.22 10.00 5.27
MES 0.3675 3.25 3.05 5.98 2.64
JG 0.8966 6.05 4.79 6.06 4.35
AMTX 0.6441 3.88 3.19 3.89 2.95
OCGN 0.6129 0.4728 0.8052 0.8300 0.4066
CLA 0.4435 14.54 13.83 15.25 13.27
SPWH 0.3692 17.32 17.66 17.73 16.92
OCGN 1.533 2.04 2.60 3.05 1.84
JAGX 0.9285 0.7627 1.07 1.29 0.633
PHAR 0.5868 19.19 16.70 21.99 16.20
ONTX 0.4195 0.6102 0.5050 0.7190 0.4520
ACST 0.3556 0.3250 0.4300 0.5652 0.3110
INDO 1.139 9.93 6.80 11.87 6.26
CNFR 0.864 4.94 3.79 5 3.4
BNGO 0.451 1.93 2.1 2.97 1.84
IPDN 0.394 1.92 2.74 5.56 1.84
IMAC 0.366 1.61 1.47 1.74 1.3
BNSO 0.708 4.6 7.69 10.44 4.6
ACY 0.569 6.6 10.75 15.14 6.57
BNGO 0.467 2.93 3.08 3.47 2.57
AINC 0.457 8.9 8.58 11.4 7.6
BTBT 0.446 14.57 21.91 24.31 13.76
PECK 1.11 13.02 10.46 13.68 10.06
SYN 0.879 0.94 1.0 1.7 0.9343
CHEK 0.6404 2.4 1.73 2.93 1.67
NAKD 0.5632 0.3442 0.412 0.47 0.275
ZSAN 0.4254 0.84 0.805 1.05 0.75
ISR 2.26 1.74 1.42 2 1.31
AIKI 0.689 1.45 1.04 1.25 1
TATT 0.49 7.62 6.59 8.34 6.25
GHSI 0.47 0.8 0.6594 1.04 0.6
CHNG 0.316 24.04 23.72 24.21 23.51
LMFA 1.77 0.78 2.13 2.31 0.71
APDN 1.049 5.71 11.64 12.35 5.56
PTE 0.721 1.02 1.32 1.5 0.8787
CMRX 0.691 6.55 8.42 9.35 6.55
CNET 0.656 2.69 3.09 4.750 2.63
CHRA 0.8192 4.88 3.85 5.2 3.54
AVGR 0.6487 1.84 1.47 1.89 1.41
SENS 0.533 1.84 1.58 2.04 1.5
DBVT 0.4251 5.32 5.66 5.9 4.98
OBSV 0.4167 3.54 4.07 4.39 3.4
AMC 3.098 20.34 19.90 20.36 11.01
EXPR 1.605 7.93 9.55 13.97 5.32
GME 1.351 354.83 347.51 380 249
KOSS 0.8 17.52 58 69.79 14.19
CANG 0.387 11.99 12.08 12.44 10.30
JAN 1.312 22.3 12.99 31.83 11.8
ACY 0.82 18.04 12.75 21.6 10.08
MNPR .681 11.05 8.51 11.6 8.31
NAKD 0.615 2.24 1.39 3.4 1.1
SNDL 0.581 0.9584 0.825 1.360 0.6517
SIEB 2.342 12.53 8.22 18.50 8.01
GME 0.9399 379.71 325 413.98 250.00
LMFA 0.933 2.89 2.05 3.17 1.95
KOSS 0.7398 72.87 64 105.4 53
AMC 0.659 14.31 13.26 16 11.6
SINO 1.175 10.30 7.44 11.3 7.11
TYME 0.664 3.03 3.53 4.99 2.8
VCVC 0.488 16.31 16.35 16.66 14.62
GWPH 0.471 215 211.37 217.50 210.35
SLS 0.438 11.75 9.4 13.15 8.60
AACG 1.705 3.67 14.3 19.75 3.45
AVXL 0.9258 19.94 14.91 28.70 13.8
ATOS 0.3569 4.43 4.33 4.9 4.03
THTX 0.3504 3.17 2.7 3.17 2.63
LIZI 0.2835 10.91 14.49 16.01 10.5
CRHM 0.8165 3.95 3.92 3.99 3.9
OCGN 0.7676 9.28 15.81 18.77 9.13
NMRD 0.5922 11.02 9.78 12.58 8.38
WPRT 0.4358 12.45 12.16 12.95 11.36
SNPR 0.3628 17.57 17.24 18.33 16.52
CLEU 1.237 9.14 6.33 9.82 5.65
ARTL 0.7669 2.88 2.66 3.67 2.5
DNN 0.2547 1.33 1.11 1.34 1.07
FSR 0.2008 18.54 18.99 19.9 17.27
HUBS 0.1997 517.02 502.40 527.69 497.07
VCNX 1.0732 5.95 4.88 9.56 4.7
JMP 0.7485 8.69 7.2 8.99 6.35
WATT 0.5860 5.87 7.23 7.69 4.830
JFU 0.2738 3.35 2.75 3.5 2.61
TAOP 0.2656 7.21 7.04 9.69 6.21
NNVC 0.9194 8.20 6.65 8.71 6.52
JCS 0.8692 10.03 7.24 11.45 7.13
GEG 0.3623 3.26 3.92 4.33 3.14
CHFS 0.2684 9.59 8.97 12.38 8.46
INUV 0.2519 1.63 1.4 1.69 1.36
FPRX 0.7874 37.99 38 38.18 37.7
SLGG 0.6929 6.16 8.82 9.1 5.96
AESE 0.3080 3.059 3.27 3.55 2.66
SVBI 0.2769 10.55 10.7 10.94 10.53
GNUS 0.2357 1.61 1.94 2.11 1.58
SPCB 1.0414 2.94 2.24 2.95 2.04
SNES 0.8036 3.04 2.27 3.14 2.23
MRKR 0.2278 2.22 2.42 2.62 2.06
AAME 0.2093 5.49 5.7 5.12 6.74
CLVS 0.2030 6.40 7.86 8.95 6.36
HOFV 0.8139 7.25 5.60 7.64 5.51
DLON 0.5657 29.02 19.16 32.5 18.53
APTO 0.4387 5.29 6.1 7.2 5.15
ALYA 0.3559 3.19 2.53 3.4 2.38
ZKIN 0.3191 14.59 11.22 14.6 10.86
APOP 0.6275 5.68 4.77 7.15 4.72
HWCC 0.3737 5.24 5.23 5.68 5.20
IMMP 0.2167 3.19 3.68 4.16 3.01
CIDM 0.1914 1.93 1.92 2.13 1.8
FSTX 0.1739 13.15 13.84 15.5 13.1
EEIQ 3.4575 17.86 15.5 35.2 13.5
WAFU 0.8084 8.61 12.66 21 8.5
ATNF 0.6729 9.87 6.96 10.6 6.72
FEDU 0.3134 1.77 1.8 2.64 1.61
MX 0.3082 26.55 26.01 26.7 25.25
RKDA 0.4378 3.35 2.755 3.47 2.72
TAOP 0.2565 12.6 9.41 13.20 9.12
CLRO 0.1786 3.64 3.6 4.11 3.28
YVR 0.1662 4 4.19 5.19 3.82
PRPH 0.1611 7.27 7.4 7.88 6.65
UPC 0.3317 5.34 5.25 7.22 5.07
FTFT 0.2935 8.01 5.53 8.45 5.31
SNOA 0.2638 9.39 8.8 9.89 8.2
ACY 0.2085 4.2 9.7 15.81 4.12
JAGX 0.1944 2.157 1.98 2.16 1.89
CEMI 0.5653 5.52 5.64 6.25 5.02
NNOX 0.5381 62.61 48.55 64 47.26
BPTH 0.3636 9.73 7.63 10.17 7.26
IGIC 0.3211 10.9 7.88 11.05 7.78
NAOV 0.2549 1.28 1.14 1.42 1.12
CELC 0.5472 22.08 21.6 24.25 19.04
AFMD 0.3016 10.27 9.74 10.7 9.23
GLSI 0.2529 63.01 53.6 69.77 50.6
GURE 0.2022 5.60 5.09 5.63 4.85
TENX 0.1742 2.09 2.08 2.47 2.03
KELYB 0.2372 33.40 28.78 35.07 28.01
TOAP 0.2093 7.49 6.32 7.52 5.95
ASRT 0.1366 0.589 0.5304 0.61 0.5211
KXIN 0.1350 2.69 2.56 2.72 2.42
KINS 0.1334 8.98 8.61 8.98 8
SYPR 0.2989 3.62 4.47 5.82 3.41
IMCC 0.1923 6.01 5.88 6.01 5.25
SKX 0.1344 50.13 51.90 3.14 49.71
EBSB 0.1263 20.05 21.92 22.85 20.05
SLAB 0.1199 162.28 154.6 162.28 152.45
PFPT 0.3215 174 172.70 174.25 172.24
SJ 0.2701 12.3 10.9 12.62 10.52
IMCC 0.2194 7 5.78 7 5.5
OCGN 0.1485 11.06 11.59 12.6 10.78
CZNC 0.1426 24.5 24.86 25 24.36
DMTK 0.2476 51.45 45.74 52 44.47 
FCBP 0.2140 29.5 30.92 31.53 29.50
RIBT 0.2043 1.1 1.18 1.83 1.1
MNMD 0.2026 5.69 4.02 5.77 3.75
ALDX 0.1611 12.89 14.85 15.95 12.79
CHMA 0.4014 3.97 3.98 4.47 3.68
ATNX 0.3639 5.07 4.55 5.75 4.445
IBIO 0.2132 1.56 1.48 1.95 1.43
DPW 0.2057 3.2 2.82 3.42 2.38
VERU 0.2023 10.46 8.79 11.18 8.62
NBRV 0.4459 2.14 1.51 2.32 1.49
PIRS 0.3298 5.01 3.39 5.09 3.34
ITP 0.2805 0.588 0.4894 0.59 0.477
PLDB 0.1846 13.75 14.40 14.88 13.4 
INSE 0.1376 10.68 11.25 11.49 10.57
APRE 0.469 7.31 5.38 7.8 5.33
KIN 0.448 9.18 9.23 9.27 9.18
AUVI 0.3289 12 10.6 12.15 9.60
EXFO 0.2226 7.17 6.04 7.24 5.95
GTEC 0.1881 10.96 9.19 11.24 8.51
CNSP 0.3284 2.63 2.061 2.68 1.94
SPRT 0.9508 38.64 26.33 59.69 26.33
NNA 0.4 2.95 3.61 3.77 2.88
NURO 0.3109 13.03 16.51 19.74 12.05
PRFX 0.2403 3.45 2.92 3.47 2.8
BBIG 0.198 3.53 5.3 5.97 3.35
MIRN 0.8594 10.58 9.21 10.88 8.43
AEMD 0.2921 4.88 5.06 5.99 4.68
VBNK 0.2010 10.97 10.5 14.3 10.5
POAI 0.1856 1.15 1.13 1.18 1.08
ONTX 0.1592 5.67 6.3 6.77 5.51
ZIVO 0.9391 6.7 5.45 6.98 5.18
UFAB 0.4008 3.52 3.45 4.09 3.13
MDP 0.2840 57.56 56.3 58.83 54.55
AEHR 0.1893 14 15.82 16.75 13.54
VTVT 0.1808 2.09 1.83 2.17 1.77
ADTX 0.2354 1.9 1.7 2.19 1.61
USEG 0.1547 5.45 4.84 5.57 4.56
WBX 0.1326 9.49 9.4 10.1 9.09
AGFY 0.1321 20.9 18.61 21.83 18.06
LGHL 0.1217 2.13 2.1 2.15 1.9
VYGR 0.6154 3.99 3.87 4.12 3.49
BTBT 0.1449 11.86 11.22 12.42 10.9
ACER 0.1285 2.8 2.9 3.04 2.63
NRBO 0.1271 2.48 2.1 2.48 2.08
RFL 0.1101 35.47 34.12 37.09 32.67
MRUS 0.458 29.15 27.49 29.77 24.78
CEI 0.3594 1.23 1.78 1.88 1.2
RENN 0.2824 16.7 16.6 17.65 16
TRI 0.28 112.48 113.64 114.47 112.48
CYRN 0.2624 0.604 0.546 0.6379 0.5242
TSC 0.2932 29.34 31 31.18 29.27
DWAC 0.2781 12.74 45.5 51.9 12.62
DUO  0.2091 1.25 1.35 1.44 1.14
HX  0.1638 21.51 9.14 22.36 8.99
JRJC 0.1444 8.64 9.13 10.63 6.08
LGVN 0.3889 24.98 20.12 26 20.01
CYAD 0.3483 4.82 4.7 5.32 4.36
TOMZ 0.2209 2.11 1.75 2.22 1.6
MRVL 0.2088 85.86 83.59 88.49 80.47
SMAR 0.165 71.25 65.94 71.25 63.63
IINN 1.2528 6.06 4.95 6.24 4.52
ENSC 0.8255 5.45 4.97 6.27 4.47
PEAR 0.2708 11.75 9.02 14.6 8.62
AVCT 0.2524 1.3 1.88 1.97 1.26
AMAM 0.2491 10.3 9.18 10.5 8.39
AVCT 0.2232 2.27 2.29 3.13 2.07
CNTX 0.1821 7.44 5.38 7.65 5.1
ORCL 0.1681 104.29 102.63 106.34 100.1
ISIG 0.1609 27.22 20.7 27.35 18.9
EFOI 0.1586 4.11 3.45 4.13 3.21
KTTA 0.3673 2 2.01 2.38 1.87
ENSC 0.1983 5.78 5.12 7 4.862
KXIN 0.1844 1.677 1.39 1.72 1.375
MOBQ 0.1842 3.19 2.6 3.4 2.4
UCL 0.1419 3.35 3.3 3.77 3.191
IMMX 0.9888 7.05 5.78 8.68 5.63
CELZ 0.4887 3.27 3.2 3.88 2.96
JFIN 0.2636 2.89 2.31 2.89 2.24
AFI 0.2626  2.51 2.77 2.82 2.32
BLCT 0.2353 1.89 1.8 2.02 1.72
NTRB 0.7903 7.05 10.08 12.18 6.63
MDRR 0.2549 1.28 1.2 1.55 1.18
XERS 0.2346 2.99 2.93 3.169 2.81
FATH 0.1898 7.73 7.92 8.96 7.4
TEDU 0.1438 1.86 1.84 2.2 1.8
ABSI 0.4886 9.11 7.19 9.26 7.08
ONE 0.2623 0.3468 0.2901 0.45 0.27
MRIN 0.2522 4.32 4.53 5 4.12
GME 0.2215 159.77 140.62 160.31 132.5
HGSH 0.19 2.65 3.48 3.49 2.33
RMTI 0.5056 0.6 0.4687 0.65 0.452 
ADGI 0.1612 6.76 5.26 6.77 5.18
BTCS 0.1507 7.68 6.88 8.88 6.43
ISPC 0.1303 7.7 6.95 7.76 6.85
BBLN 0.1130 6.5 6.82 7 6.19
MDJH 0.5774 2.639 2.44 2.87 2.12
OLB 0.3386 2.18 2.49 2.58 2.08
GPL 0.31 0.2 0.2075 0.208 0.19
STAR 0.1498 25.26 24.94 25.42 23.31
EAT 0.1376 39 37.63 40.25 36.64
